(kicad_pcb (version 20171130) (host pcbnew "(5.1.8)-1")

  (general
    (thickness 1.6)
    (drawings 20)
    (tracks 520)
    (zones 0)
    (modules 23)
    (nets 63)
  )

  (page A4)
  (title_block
    (title MM1_Writer)
    (date 2020-11-25)
    (rev R1)
    (company "Guillaume Guillet")
    (comment 1 "Copyright Guillaume Guillet 2020")
    (comment 2 "Licensed under CERN-OHL-W v2 or later")
  )

  (layers
    (0 F.Cu signal)
    (31 B.Cu signal)
    (32 B.Adhes user)
    (33 F.Adhes user)
    (34 B.Paste user)
    (35 F.Paste user)
    (36 B.SilkS user)
    (37 F.SilkS user)
    (38 B.Mask user)
    (39 F.Mask user)
    (40 Dwgs.User user)
    (41 Cmts.User user)
    (42 Eco1.User user)
    (43 Eco2.User user)
    (44 Edge.Cuts user)
    (45 Margin user)
    (46 B.CrtYd user)
    (47 F.CrtYd user)
    (48 B.Fab user)
    (49 F.Fab user)
  )

  (setup
    (last_trace_width 0.2)
    (trace_clearance 0.2)
    (zone_clearance 0.508)
    (zone_45_only no)
    (trace_min 0.18)
    (via_size 0.45)
    (via_drill 0.2)
    (via_min_size 0.45)
    (via_min_drill 0.2)
    (user_via 2 1)
    (uvia_size 0.45)
    (uvia_drill 0.2)
    (uvias_allowed no)
    (uvia_min_size 0.45)
    (uvia_min_drill 0.2)
    (edge_width 0.15)
    (segment_width 0.2)
    (pcb_text_width 0.3)
    (pcb_text_size 1.5 1.5)
    (mod_edge_width 0.15)
    (mod_text_size 1 1)
    (mod_text_width 0.15)
    (pad_size 1.524 1.524)
    (pad_drill 0.762)
    (pad_to_mask_clearance 0)
    (aux_axis_origin 74 60)
    (visible_elements 7FFFF7FF)
    (pcbplotparams
      (layerselection 0x010f0_ffffffff)
      (usegerberextensions false)
      (usegerberattributes false)
      (usegerberadvancedattributes false)
      (creategerberjobfile false)
      (excludeedgelayer true)
      (linewidth 0.100000)
      (plotframeref false)
      (viasonmask false)
      (mode 1)
      (useauxorigin true)
      (hpglpennumber 1)
      (hpglpenspeed 20)
      (hpglpendiameter 15.000000)
      (psnegative false)
      (psa4output false)
      (plotreference true)
      (plotvalue true)
      (plotinvisibletext false)
      (padsonsilk false)
      (subtractmaskfromsilk false)
      (outputformat 1)
      (mirror false)
      (drillshape 0)
      (scaleselection 1)
      (outputdirectory "documents/MM1_Writer_gerbert/"))
  )

  (net 0 "")
  (net 1 +5V)
  (net 2 GND)
  (net 3 +3V3)
  (net 4 /SERIAL_IN)
  (net 5 /SRCLK)
  (net 6 /RCLK)
  (net 7 /MEMDATA_0)
  (net 8 /MEMDATA_2)
  (net 9 /MEMDATA_1)
  (net 10 /MEMDATA_4)
  (net 11 /MEMDATA_3)
  (net 12 /MEMDATA_6)
  (net 13 /MEMDATA_5)
  (net 14 /MEMDATA_7)
  (net 15 /MEM_FEEDBACK)
  (net 16 "Net-(U3-Pad9)")
  (net 17 /MEM_~OE)
  (net 18 /MEM_~WE)
  (net 19 "Net-(J1-Pad2)")
  (net 20 "Net-(J1-Pad3)")
  (net 21 /C2CK)
  (net 22 /C2D)
  (net 23 /MEMADDRESS_0)
  (net 24 /MEMADDRESS_2)
  (net 25 /MEMADDRESS_1)
  (net 26 /MEMADDRESS_4)
  (net 27 /MEMADDRESS_3)
  (net 28 /MEMADDRESS_6)
  (net 29 /MEMADDRESS_5)
  (net 30 /MEMADDRESS_8)
  (net 31 /MEMADDRESS_7)
  (net 32 /MEMADDRESS_10)
  (net 33 /MEMADDRESS_9)
  (net 34 /MEMADDRESS_12)
  (net 35 /MEMADDRESS_11)
  (net 36 /MEMADDRESS_14)
  (net 37 /MEMADDRESS_13)
  (net 38 /MEMADDRESS_15)
  (net 39 /MEM_~CE)
  (net 40 /MEMADDRESS_17)
  (net 41 /MEMADDRESS_19)
  (net 42 /MEMADDRESS_21)
  (net 43 /MEMADDRESS_23)
  (net 44 /MEMADDRESS_16)
  (net 45 /MEMADDRESS_18)
  (net 46 /MEMADDRESS_20)
  (net 47 /MEMADDRESS_22)
  (net 48 "Net-(U1-Pad1)")
  (net 49 "Net-(U1-Pad2)")
  (net 50 "Net-(U1-Pad4)")
  (net 51 "Net-(U1-Pad5)")
  (net 52 "Net-(U1-Pad8)")
  (net 53 "Net-(U1-Pad11)")
  (net 54 "Net-(U1-Pad12)")
  (net 55 "Net-(U1-Pad27)")
  (net 56 "Net-(U1-Pad28)")
  (net 57 "Net-(U1-Pad31)")
  (net 58 "Net-(U1-Pad32)")
  (net 59 "Net-(U2-Pad9)")
  (net 60 "Net-(U4-Pad9)")
  (net 61 /UC_TX)
  (net 62 /UC_RX)

  (net_class Default "Ceci est la Netclass par défaut"
    (clearance 0.2)
    (trace_width 0.2)
    (via_dia 0.45)
    (via_drill 0.2)
    (uvia_dia 0.45)
    (uvia_drill 0.2)
    (add_net /C2CK)
    (add_net /C2D)
    (add_net /MEMADDRESS_0)
    (add_net /MEMADDRESS_1)
    (add_net /MEMADDRESS_10)
    (add_net /MEMADDRESS_11)
    (add_net /MEMADDRESS_12)
    (add_net /MEMADDRESS_13)
    (add_net /MEMADDRESS_14)
    (add_net /MEMADDRESS_15)
    (add_net /MEMADDRESS_16)
    (add_net /MEMADDRESS_17)
    (add_net /MEMADDRESS_18)
    (add_net /MEMADDRESS_19)
    (add_net /MEMADDRESS_2)
    (add_net /MEMADDRESS_20)
    (add_net /MEMADDRESS_21)
    (add_net /MEMADDRESS_22)
    (add_net /MEMADDRESS_23)
    (add_net /MEMADDRESS_3)
    (add_net /MEMADDRESS_4)
    (add_net /MEMADDRESS_5)
    (add_net /MEMADDRESS_6)
    (add_net /MEMADDRESS_7)
    (add_net /MEMADDRESS_8)
    (add_net /MEMADDRESS_9)
    (add_net /MEMDATA_0)
    (add_net /MEMDATA_1)
    (add_net /MEMDATA_2)
    (add_net /MEMDATA_3)
    (add_net /MEMDATA_4)
    (add_net /MEMDATA_5)
    (add_net /MEMDATA_6)
    (add_net /MEMDATA_7)
    (add_net /MEM_FEEDBACK)
    (add_net /MEM_~CE)
    (add_net /MEM_~OE)
    (add_net /MEM_~WE)
    (add_net /RCLK)
    (add_net /SERIAL_IN)
    (add_net /SRCLK)
    (add_net /UC_RX)
    (add_net /UC_TX)
    (add_net "Net-(J1-Pad2)")
    (add_net "Net-(J1-Pad3)")
    (add_net "Net-(U1-Pad1)")
    (add_net "Net-(U1-Pad11)")
    (add_net "Net-(U1-Pad12)")
    (add_net "Net-(U1-Pad2)")
    (add_net "Net-(U1-Pad27)")
    (add_net "Net-(U1-Pad28)")
    (add_net "Net-(U1-Pad31)")
    (add_net "Net-(U1-Pad32)")
    (add_net "Net-(U1-Pad4)")
    (add_net "Net-(U1-Pad5)")
    (add_net "Net-(U1-Pad8)")
    (add_net "Net-(U2-Pad9)")
    (add_net "Net-(U3-Pad9)")
    (add_net "Net-(U4-Pad9)")
  )

  (net_class Power ""
    (clearance 0.25)
    (trace_width 0.3)
    (via_dia 0.45)
    (via_drill 0.2)
    (uvia_dia 0.45)
    (uvia_drill 0.2)
    (add_net +3V3)
    (add_net +5V)
    (add_net GND)
  )

  (module TE5530843-2:TE_5530843-2 (layer F.Cu) (tedit 5EFC8539) (tstamp 5FBF2462)
    (at 151.6 86 90)
    (path /5D7E9C02)
    (fp_text reference J3 (at -23.5 -4.6 180) (layer F.SilkS)
      (effects (font (size 1 1) (thickness 0.15)))
    )
    (fp_text value MM1_receptacle_5530843-2 (at 5 -6.6 90) (layer F.Fab)
      (effects (font (size 1 1) (thickness 0.15)))
    )
    (fp_line (start 20 5) (end -19 5) (layer F.SilkS) (width 0.15))
    (fp_line (start 22 -5) (end 20 -5) (layer F.SilkS) (width 0.15))
    (fp_line (start 22 5) (end 22 -5) (layer F.SilkS) (width 0.15))
    (fp_line (start 20 5) (end 22 5) (layer F.SilkS) (width 0.15))
    (fp_line (start -22 -5) (end -20 -5) (layer F.SilkS) (width 0.15))
    (fp_line (start -22 1.5) (end -22 -5) (layer F.SilkS) (width 0.15))
    (fp_line (start -20 -5) (end -17 -5) (layer F.SilkS) (width 0.15))
    (fp_line (start -17 -5) (end 20 -5) (layer F.SilkS) (width 0.15))
    (pad 29 thru_hole circle (at 17.69 2.4 90) (size 2 2) (drill 1.1684) (layers *.Cu *.Mask)
      (net 3 +3V3))
    (pad 30 thru_hole circle (at 17.69 -2.46 90) (size 2 2) (drill 1.1684) (layers *.Cu *.Mask)
      (net 1 +5V))
    (pad 27 thru_hole circle (at 15.15 2.4 90) (size 2 2) (drill 1.1684) (layers *.Cu *.Mask)
      (net 17 /MEM_~OE))
    (pad 28 thru_hole circle (at 15.15 -2.46 90) (size 2 2) (drill 1.1684) (layers *.Cu *.Mask)
      (net 39 /MEM_~CE))
    (pad 25 thru_hole circle (at 12.61 2.4 90) (size 2 2) (drill 1.1684) (layers *.Cu *.Mask)
      (net 14 /MEMDATA_7))
    (pad 26 thru_hole circle (at 12.61 -2.46 90) (size 2 2) (drill 1.1684) (layers *.Cu *.Mask)
      (net 18 /MEM_~WE))
    (pad 23 thru_hole circle (at 10.07 2.4 90) (size 2 2) (drill 1.1684) (layers *.Cu *.Mask)
      (net 13 /MEMDATA_5))
    (pad 24 thru_hole circle (at 10.07 -2.46 90) (size 2 2) (drill 1.1684) (layers *.Cu *.Mask)
      (net 12 /MEMDATA_6))
    (pad 21 thru_hole circle (at 7.53 2.4 90) (size 2 2) (drill 1.1684) (layers *.Cu *.Mask)
      (net 11 /MEMDATA_3))
    (pad 22 thru_hole circle (at 7.53 -2.46 90) (size 2 2) (drill 1.1684) (layers *.Cu *.Mask)
      (net 10 /MEMDATA_4))
    (pad 19 thru_hole circle (at 4.99 2.4 90) (size 2 2) (drill 1.1684) (layers *.Cu *.Mask)
      (net 9 /MEMDATA_1))
    (pad 20 thru_hole circle (at 4.99 -2.46 90) (size 2 2) (drill 1.1684) (layers *.Cu *.Mask)
      (net 8 /MEMDATA_2))
    (pad 17 thru_hole circle (at 2.45 2.4 90) (size 2 2) (drill 1.1684) (layers *.Cu *.Mask)
      (net 38 /MEMADDRESS_15))
    (pad 18 thru_hole circle (at 2.45 -2.46 90) (size 2 2) (drill 1.1684) (layers *.Cu *.Mask)
      (net 7 /MEMDATA_0))
    (pad 15 thru_hole circle (at -0.09 2.4 90) (size 2 2) (drill 1.1684) (layers *.Cu *.Mask)
      (net 37 /MEMADDRESS_13))
    (pad 16 thru_hole circle (at -0.09 -2.46 90) (size 2 2) (drill 1.1684) (layers *.Cu *.Mask)
      (net 36 /MEMADDRESS_14))
    (pad 13 thru_hole circle (at -2.63 2.4 90) (size 2 2) (drill 1.1684) (layers *.Cu *.Mask)
      (net 35 /MEMADDRESS_11))
    (pad 14 thru_hole circle (at -2.63 -2.46 90) (size 2 2) (drill 1.1684) (layers *.Cu *.Mask)
      (net 34 /MEMADDRESS_12))
    (pad 11 thru_hole circle (at -5.17 2.4 90) (size 2 2) (drill 1.1684) (layers *.Cu *.Mask)
      (net 33 /MEMADDRESS_9))
    (pad 12 thru_hole circle (at -5.17 -2.46 90) (size 2 2) (drill 1.1684) (layers *.Cu *.Mask)
      (net 32 /MEMADDRESS_10))
    (pad 9 thru_hole circle (at -7.71 2.4 90) (size 2 2) (drill 1.1684) (layers *.Cu *.Mask)
      (net 31 /MEMADDRESS_7))
    (pad 10 thru_hole circle (at -7.71 -2.46 90) (size 2 2) (drill 1.1684) (layers *.Cu *.Mask)
      (net 30 /MEMADDRESS_8))
    (pad 7 thru_hole circle (at -10.25 2.4 90) (size 2 2) (drill 1.1684) (layers *.Cu *.Mask)
      (net 29 /MEMADDRESS_5))
    (pad 8 thru_hole circle (at -10.25 -2.46 90) (size 2 2) (drill 1.1684) (layers *.Cu *.Mask)
      (net 28 /MEMADDRESS_6))
    (pad 5 thru_hole circle (at -12.79 2.4 90) (size 2 2) (drill 1.1684) (layers *.Cu *.Mask)
      (net 27 /MEMADDRESS_3))
    (pad 6 thru_hole circle (at -12.79 -2.46 90) (size 2 2) (drill 1.1684) (layers *.Cu *.Mask)
      (net 26 /MEMADDRESS_4))
    (pad 3 thru_hole circle (at -15.33 2.4 90) (size 2 2) (drill 1.1684) (layers *.Cu *.Mask)
      (net 25 /MEMADDRESS_1))
    (pad 4 thru_hole circle (at -15.33 -2.46 90) (size 2 2) (drill 1.1684) (layers *.Cu *.Mask)
      (net 24 /MEMADDRESS_2))
    (pad 1 thru_hole circle (at -17.86 2.4 90) (size 2 2) (drill 1.1684) (layers *.Cu *.Mask)
      (net 2 GND))
    (pad 2 thru_hole circle (at -17.87 -2.46 90) (size 2 2) (drill 1.1684) (layers *.Cu *.Mask)
      (net 23 /MEMADDRESS_0))
    (model ${KIPRJMOD}/libraries/3D/5530843-2.stp
      (offset (xyz -0.1 0 15.5))
      (scale (xyz 1 1 1))
      (rotate (xyz 0 0 0))
    )
  )

  (module Capacitor_SMD:C_0805_2012Metric (layer B.Cu) (tedit 5B36C52B) (tstamp 5D911FAE)
    (at 85.5 83.5 180)
    (descr "Capacitor SMD 0805 (2012 Metric), square (rectangular) end terminal, IPC_7351 nominal, (Body size source: https://docs.google.com/spreadsheets/d/1BsfQQcO9C6DZCsRaXUlFlo91Tg2WpOkGARC1WS5S8t0/edit?usp=sharing), generated with kicad-footprint-generator")
    (tags capacitor)
    (path /5FD88829)
    (attr smd)
    (fp_text reference C1 (at 0.0625 -2 180) (layer B.SilkS)
      (effects (font (size 1 1) (thickness 0.15)) (justify mirror))
    )
    (fp_text value 100nF (at 0 -1.65 180) (layer B.Fab)
      (effects (font (size 1 1) (thickness 0.15)) (justify mirror))
    )
    (fp_line (start -1 -0.6) (end -1 0.6) (layer B.Fab) (width 0.1))
    (fp_line (start -1 0.6) (end 1 0.6) (layer B.Fab) (width 0.1))
    (fp_line (start 1 0.6) (end 1 -0.6) (layer B.Fab) (width 0.1))
    (fp_line (start 1 -0.6) (end -1 -0.6) (layer B.Fab) (width 0.1))
    (fp_line (start -0.258578 0.71) (end 0.258578 0.71) (layer B.SilkS) (width 0.12))
    (fp_line (start -0.258578 -0.71) (end 0.258578 -0.71) (layer B.SilkS) (width 0.12))
    (fp_line (start -1.68 -0.95) (end -1.68 0.95) (layer B.CrtYd) (width 0.05))
    (fp_line (start -1.68 0.95) (end 1.68 0.95) (layer B.CrtYd) (width 0.05))
    (fp_line (start 1.68 0.95) (end 1.68 -0.95) (layer B.CrtYd) (width 0.05))
    (fp_line (start 1.68 -0.95) (end -1.68 -0.95) (layer B.CrtYd) (width 0.05))
    (fp_text user %R (at 0 0 180) (layer B.Fab)
      (effects (font (size 0.5 0.5) (thickness 0.08)) (justify mirror))
    )
    (pad 2 smd roundrect (at 0.9375 0 180) (size 0.975 1.4) (layers B.Cu B.Paste B.Mask) (roundrect_rratio 0.25)
      (net 2 GND))
    (pad 1 smd roundrect (at -0.9375 0 180) (size 0.975 1.4) (layers B.Cu B.Paste B.Mask) (roundrect_rratio 0.25)
      (net 1 +5V))
    (model ${KISYS3DMOD}/Capacitor_SMD.3dshapes/C_0805_2012Metric.wrl
      (at (xyz 0 0 0))
      (scale (xyz 1 1 1))
      (rotate (xyz 0 0 0))
    )
  )

  (module Capacitor_SMD:C_0805_2012Metric (layer F.Cu) (tedit 5B36C52B) (tstamp 5D911FBF)
    (at 93 98.8 90)
    (descr "Capacitor SMD 0805 (2012 Metric), square (rectangular) end terminal, IPC_7351 nominal, (Body size source: https://docs.google.com/spreadsheets/d/1BsfQQcO9C6DZCsRaXUlFlo91Tg2WpOkGARC1WS5S8t0/edit?usp=sharing), generated with kicad-footprint-generator")
    (tags capacitor)
    (path /5D9A450F)
    (attr smd)
    (fp_text reference C2 (at 0 -1.65 90) (layer F.SilkS)
      (effects (font (size 1 1) (thickness 0.15)))
    )
    (fp_text value 10nF (at 0 1.65 90) (layer F.Fab)
      (effects (font (size 1 1) (thickness 0.15)))
    )
    (fp_line (start -1 0.6) (end -1 -0.6) (layer F.Fab) (width 0.1))
    (fp_line (start -1 -0.6) (end 1 -0.6) (layer F.Fab) (width 0.1))
    (fp_line (start 1 -0.6) (end 1 0.6) (layer F.Fab) (width 0.1))
    (fp_line (start 1 0.6) (end -1 0.6) (layer F.Fab) (width 0.1))
    (fp_line (start -0.258578 -0.71) (end 0.258578 -0.71) (layer F.SilkS) (width 0.12))
    (fp_line (start -0.258578 0.71) (end 0.258578 0.71) (layer F.SilkS) (width 0.12))
    (fp_line (start -1.68 0.95) (end -1.68 -0.95) (layer F.CrtYd) (width 0.05))
    (fp_line (start -1.68 -0.95) (end 1.68 -0.95) (layer F.CrtYd) (width 0.05))
    (fp_line (start 1.68 -0.95) (end 1.68 0.95) (layer F.CrtYd) (width 0.05))
    (fp_line (start 1.68 0.95) (end -1.68 0.95) (layer F.CrtYd) (width 0.05))
    (fp_text user %R (at 0 0 90) (layer F.Fab)
      (effects (font (size 0.5 0.5) (thickness 0.08)))
    )
    (pad 2 smd roundrect (at 0.9375 0 90) (size 0.975 1.4) (layers F.Cu F.Paste F.Mask) (roundrect_rratio 0.25)
      (net 2 GND))
    (pad 1 smd roundrect (at -0.9375 0 90) (size 0.975 1.4) (layers F.Cu F.Paste F.Mask) (roundrect_rratio 0.25)
      (net 3 +3V3))
    (model ${KISYS3DMOD}/Capacitor_SMD.3dshapes/C_0805_2012Metric.wrl
      (at (xyz 0 0 0))
      (scale (xyz 1 1 1))
      (rotate (xyz 0 0 0))
    )
  )

  (module Capacitor_SMD:C_0805_2012Metric (layer F.Cu) (tedit 5B36C52B) (tstamp 5D911FD0)
    (at 109.3 98.9 90)
    (descr "Capacitor SMD 0805 (2012 Metric), square (rectangular) end terminal, IPC_7351 nominal, (Body size source: https://docs.google.com/spreadsheets/d/1BsfQQcO9C6DZCsRaXUlFlo91Tg2WpOkGARC1WS5S8t0/edit?usp=sharing), generated with kicad-footprint-generator")
    (tags capacitor)
    (path /5D99F6A5)
    (attr smd)
    (fp_text reference C3 (at 0 -1.65 270) (layer F.SilkS)
      (effects (font (size 1 1) (thickness 0.15)))
    )
    (fp_text value 10nF (at 0 1.65 270) (layer F.Fab)
      (effects (font (size 1 1) (thickness 0.15)))
    )
    (fp_line (start -1 0.6) (end -1 -0.6) (layer F.Fab) (width 0.1))
    (fp_line (start -1 -0.6) (end 1 -0.6) (layer F.Fab) (width 0.1))
    (fp_line (start 1 -0.6) (end 1 0.6) (layer F.Fab) (width 0.1))
    (fp_line (start 1 0.6) (end -1 0.6) (layer F.Fab) (width 0.1))
    (fp_line (start -0.258578 -0.71) (end 0.258578 -0.71) (layer F.SilkS) (width 0.12))
    (fp_line (start -0.258578 0.71) (end 0.258578 0.71) (layer F.SilkS) (width 0.12))
    (fp_line (start -1.68 0.95) (end -1.68 -0.95) (layer F.CrtYd) (width 0.05))
    (fp_line (start -1.68 -0.95) (end 1.68 -0.95) (layer F.CrtYd) (width 0.05))
    (fp_line (start 1.68 -0.95) (end 1.68 0.95) (layer F.CrtYd) (width 0.05))
    (fp_line (start 1.68 0.95) (end -1.68 0.95) (layer F.CrtYd) (width 0.05))
    (fp_text user %R (at 0 0 270) (layer F.Fab)
      (effects (font (size 0.5 0.5) (thickness 0.08)))
    )
    (pad 2 smd roundrect (at 0.9375 0 90) (size 0.975 1.4) (layers F.Cu F.Paste F.Mask) (roundrect_rratio 0.25)
      (net 2 GND))
    (pad 1 smd roundrect (at -0.9375 0 90) (size 0.975 1.4) (layers F.Cu F.Paste F.Mask) (roundrect_rratio 0.25)
      (net 3 +3V3))
    (model ${KISYS3DMOD}/Capacitor_SMD.3dshapes/C_0805_2012Metric.wrl
      (at (xyz 0 0 0))
      (scale (xyz 1 1 1))
      (rotate (xyz 0 0 0))
    )
  )

  (module Capacitor_SMD:C_0805_2012Metric (layer F.Cu) (tedit 5B36C52B) (tstamp 5D911FE1)
    (at 100.9 77.9 90)
    (descr "Capacitor SMD 0805 (2012 Metric), square (rectangular) end terminal, IPC_7351 nominal, (Body size source: https://docs.google.com/spreadsheets/d/1BsfQQcO9C6DZCsRaXUlFlo91Tg2WpOkGARC1WS5S8t0/edit?usp=sharing), generated with kicad-footprint-generator")
    (tags capacitor)
    (path /5FC3E1AF)
    (attr smd)
    (fp_text reference C4 (at 0 2 90) (layer F.SilkS)
      (effects (font (size 1 1) (thickness 0.15)))
    )
    (fp_text value 1uF (at 0 1.65 90) (layer F.Fab)
      (effects (font (size 1 1) (thickness 0.15)))
    )
    (fp_line (start 1.68 0.95) (end -1.68 0.95) (layer F.CrtYd) (width 0.05))
    (fp_line (start 1.68 -0.95) (end 1.68 0.95) (layer F.CrtYd) (width 0.05))
    (fp_line (start -1.68 -0.95) (end 1.68 -0.95) (layer F.CrtYd) (width 0.05))
    (fp_line (start -1.68 0.95) (end -1.68 -0.95) (layer F.CrtYd) (width 0.05))
    (fp_line (start -0.258578 0.71) (end 0.258578 0.71) (layer F.SilkS) (width 0.12))
    (fp_line (start -0.258578 -0.71) (end 0.258578 -0.71) (layer F.SilkS) (width 0.12))
    (fp_line (start 1 0.6) (end -1 0.6) (layer F.Fab) (width 0.1))
    (fp_line (start 1 -0.6) (end 1 0.6) (layer F.Fab) (width 0.1))
    (fp_line (start -1 -0.6) (end 1 -0.6) (layer F.Fab) (width 0.1))
    (fp_line (start -1 0.6) (end -1 -0.6) (layer F.Fab) (width 0.1))
    (fp_text user %R (at 0 0 90) (layer F.Fab)
      (effects (font (size 0.5 0.5) (thickness 0.08)))
    )
    (pad 1 smd roundrect (at -0.9375 0 90) (size 0.975 1.4) (layers F.Cu F.Paste F.Mask) (roundrect_rratio 0.25)
      (net 3 +3V3))
    (pad 2 smd roundrect (at 0.9375 0 90) (size 0.975 1.4) (layers F.Cu F.Paste F.Mask) (roundrect_rratio 0.25)
      (net 2 GND))
    (model ${KISYS3DMOD}/Capacitor_SMD.3dshapes/C_0805_2012Metric.wrl
      (at (xyz 0 0 0))
      (scale (xyz 1 1 1))
      (rotate (xyz 0 0 0))
    )
  )

  (module Capacitor_SMD:C_0805_2012Metric (layer F.Cu) (tedit 5B36C52B) (tstamp 5D91201A)
    (at 100.9 81.6 270)
    (descr "Capacitor SMD 0805 (2012 Metric), square (rectangular) end terminal, IPC_7351 nominal, (Body size source: https://docs.google.com/spreadsheets/d/1BsfQQcO9C6DZCsRaXUlFlo91Tg2WpOkGARC1WS5S8t0/edit?usp=sharing), generated with kicad-footprint-generator")
    (tags capacitor)
    (path /5FC30791)
    (attr smd)
    (fp_text reference C6 (at -0.1 -1.85 90) (layer F.SilkS)
      (effects (font (size 1 1) (thickness 0.15)))
    )
    (fp_text value 1uF (at 0 1.65 90) (layer F.Fab)
      (effects (font (size 1 1) (thickness 0.15)))
    )
    (fp_line (start -1 0.6) (end -1 -0.6) (layer F.Fab) (width 0.1))
    (fp_line (start -1 -0.6) (end 1 -0.6) (layer F.Fab) (width 0.1))
    (fp_line (start 1 -0.6) (end 1 0.6) (layer F.Fab) (width 0.1))
    (fp_line (start 1 0.6) (end -1 0.6) (layer F.Fab) (width 0.1))
    (fp_line (start -0.258578 -0.71) (end 0.258578 -0.71) (layer F.SilkS) (width 0.12))
    (fp_line (start -0.258578 0.71) (end 0.258578 0.71) (layer F.SilkS) (width 0.12))
    (fp_line (start -1.68 0.95) (end -1.68 -0.95) (layer F.CrtYd) (width 0.05))
    (fp_line (start -1.68 -0.95) (end 1.68 -0.95) (layer F.CrtYd) (width 0.05))
    (fp_line (start 1.68 -0.95) (end 1.68 0.95) (layer F.CrtYd) (width 0.05))
    (fp_line (start 1.68 0.95) (end -1.68 0.95) (layer F.CrtYd) (width 0.05))
    (fp_text user %R (at 0 0 90) (layer F.Fab)
      (effects (font (size 0.5 0.5) (thickness 0.08)))
    )
    (pad 2 smd roundrect (at 0.9375 0 270) (size 0.975 1.4) (layers F.Cu F.Paste F.Mask) (roundrect_rratio 0.25)
      (net 2 GND))
    (pad 1 smd roundrect (at -0.9375 0 270) (size 0.975 1.4) (layers F.Cu F.Paste F.Mask) (roundrect_rratio 0.25)
      (net 1 +5V))
    (model ${KISYS3DMOD}/Capacitor_SMD.3dshapes/C_0805_2012Metric.wrl
      (at (xyz 0 0 0))
      (scale (xyz 1 1 1))
      (rotate (xyz 0 0 0))
    )
  )

  (module Capacitor_SMD:C_0805_2012Metric (layer F.Cu) (tedit 5B36C52B) (tstamp 5D912053)
    (at 98.6 81.6 270)
    (descr "Capacitor SMD 0805 (2012 Metric), square (rectangular) end terminal, IPC_7351 nominal, (Body size source: https://docs.google.com/spreadsheets/d/1BsfQQcO9C6DZCsRaXUlFlo91Tg2WpOkGARC1WS5S8t0/edit?usp=sharing), generated with kicad-footprint-generator")
    (tags capacitor)
    (path /5FC2FBF8)
    (attr smd)
    (fp_text reference C8 (at 0.0625 2 90) (layer F.SilkS)
      (effects (font (size 1 1) (thickness 0.15)))
    )
    (fp_text value 100nF (at 0 1.65 90) (layer F.Fab)
      (effects (font (size 1 1) (thickness 0.15)))
    )
    (fp_line (start 1.68 0.95) (end -1.68 0.95) (layer F.CrtYd) (width 0.05))
    (fp_line (start 1.68 -0.95) (end 1.68 0.95) (layer F.CrtYd) (width 0.05))
    (fp_line (start -1.68 -0.95) (end 1.68 -0.95) (layer F.CrtYd) (width 0.05))
    (fp_line (start -1.68 0.95) (end -1.68 -0.95) (layer F.CrtYd) (width 0.05))
    (fp_line (start -0.258578 0.71) (end 0.258578 0.71) (layer F.SilkS) (width 0.12))
    (fp_line (start -0.258578 -0.71) (end 0.258578 -0.71) (layer F.SilkS) (width 0.12))
    (fp_line (start 1 0.6) (end -1 0.6) (layer F.Fab) (width 0.1))
    (fp_line (start 1 -0.6) (end 1 0.6) (layer F.Fab) (width 0.1))
    (fp_line (start -1 -0.6) (end 1 -0.6) (layer F.Fab) (width 0.1))
    (fp_line (start -1 0.6) (end -1 -0.6) (layer F.Fab) (width 0.1))
    (fp_text user %R (at 0 0 90) (layer F.Fab)
      (effects (font (size 0.5 0.5) (thickness 0.08)))
    )
    (pad 1 smd roundrect (at -0.9375 0 270) (size 0.975 1.4) (layers F.Cu F.Paste F.Mask) (roundrect_rratio 0.25)
      (net 1 +5V))
    (pad 2 smd roundrect (at 0.9375 0 270) (size 0.975 1.4) (layers F.Cu F.Paste F.Mask) (roundrect_rratio 0.25)
      (net 2 GND))
    (model ${KISYS3DMOD}/Capacitor_SMD.3dshapes/C_0805_2012Metric.wrl
      (at (xyz 0 0 0))
      (scale (xyz 1 1 1))
      (rotate (xyz 0 0 0))
    )
  )

  (module Capacitor_SMD:C_0805_2012Metric (layer B.Cu) (tedit 5B36C52B) (tstamp 5D912064)
    (at 154 65 90)
    (descr "Capacitor SMD 0805 (2012 Metric), square (rectangular) end terminal, IPC_7351 nominal, (Body size source: https://docs.google.com/spreadsheets/d/1BsfQQcO9C6DZCsRaXUlFlo91Tg2WpOkGARC1WS5S8t0/edit?usp=sharing), generated with kicad-footprint-generator")
    (tags capacitor)
    (path /5D7E9BDE)
    (attr smd)
    (fp_text reference C9 (at 0 1.65 270) (layer B.SilkS)
      (effects (font (size 1 1) (thickness 0.15)) (justify mirror))
    )
    (fp_text value 100nF (at 0 -1.65 270) (layer B.Fab)
      (effects (font (size 1 1) (thickness 0.15)) (justify mirror))
    )
    (fp_line (start 1.68 -0.95) (end -1.68 -0.95) (layer B.CrtYd) (width 0.05))
    (fp_line (start 1.68 0.95) (end 1.68 -0.95) (layer B.CrtYd) (width 0.05))
    (fp_line (start -1.68 0.95) (end 1.68 0.95) (layer B.CrtYd) (width 0.05))
    (fp_line (start -1.68 -0.95) (end -1.68 0.95) (layer B.CrtYd) (width 0.05))
    (fp_line (start -0.258578 -0.71) (end 0.258578 -0.71) (layer B.SilkS) (width 0.12))
    (fp_line (start -0.258578 0.71) (end 0.258578 0.71) (layer B.SilkS) (width 0.12))
    (fp_line (start 1 -0.6) (end -1 -0.6) (layer B.Fab) (width 0.1))
    (fp_line (start 1 0.6) (end 1 -0.6) (layer B.Fab) (width 0.1))
    (fp_line (start -1 0.6) (end 1 0.6) (layer B.Fab) (width 0.1))
    (fp_line (start -1 -0.6) (end -1 0.6) (layer B.Fab) (width 0.1))
    (fp_text user %R (at 0 0 270) (layer B.Fab)
      (effects (font (size 0.5 0.5) (thickness 0.08)) (justify mirror))
    )
    (pad 1 smd roundrect (at -0.9375 0 90) (size 0.975 1.4) (layers B.Cu B.Paste B.Mask) (roundrect_rratio 0.25)
      (net 3 +3V3))
    (pad 2 smd roundrect (at 0.9375 0 90) (size 0.975 1.4) (layers B.Cu B.Paste B.Mask) (roundrect_rratio 0.25)
      (net 2 GND))
    (model ${KISYS3DMOD}/Capacitor_SMD.3dshapes/C_0805_2012Metric.wrl
      (at (xyz 0 0 0))
      (scale (xyz 1 1 1))
      (rotate (xyz 0 0 0))
    )
  )

  (module Capacitor_SMD:C_0805_2012Metric (layer B.Cu) (tedit 5B36C52B) (tstamp 5D912075)
    (at 149.1 65 90)
    (descr "Capacitor SMD 0805 (2012 Metric), square (rectangular) end terminal, IPC_7351 nominal, (Body size source: https://docs.google.com/spreadsheets/d/1BsfQQcO9C6DZCsRaXUlFlo91Tg2WpOkGARC1WS5S8t0/edit?usp=sharing), generated with kicad-footprint-generator")
    (tags capacitor)
    (path /5D7E9BE4)
    (attr smd)
    (fp_text reference C10 (at 0 1.65 90) (layer B.SilkS)
      (effects (font (size 1 1) (thickness 0.15)) (justify mirror))
    )
    (fp_text value 100nF (at 0 -1.65 90) (layer B.Fab)
      (effects (font (size 1 1) (thickness 0.15)) (justify mirror))
    )
    (fp_line (start 1.68 -0.95) (end -1.68 -0.95) (layer B.CrtYd) (width 0.05))
    (fp_line (start 1.68 0.95) (end 1.68 -0.95) (layer B.CrtYd) (width 0.05))
    (fp_line (start -1.68 0.95) (end 1.68 0.95) (layer B.CrtYd) (width 0.05))
    (fp_line (start -1.68 -0.95) (end -1.68 0.95) (layer B.CrtYd) (width 0.05))
    (fp_line (start -0.258578 -0.71) (end 0.258578 -0.71) (layer B.SilkS) (width 0.12))
    (fp_line (start -0.258578 0.71) (end 0.258578 0.71) (layer B.SilkS) (width 0.12))
    (fp_line (start 1 -0.6) (end -1 -0.6) (layer B.Fab) (width 0.1))
    (fp_line (start 1 0.6) (end 1 -0.6) (layer B.Fab) (width 0.1))
    (fp_line (start -1 0.6) (end 1 0.6) (layer B.Fab) (width 0.1))
    (fp_line (start -1 -0.6) (end -1 0.6) (layer B.Fab) (width 0.1))
    (fp_text user %R (at 0 0 90) (layer B.Fab)
      (effects (font (size 0.5 0.5) (thickness 0.08)) (justify mirror))
    )
    (pad 1 smd roundrect (at -0.9375 0 90) (size 0.975 1.4) (layers B.Cu B.Paste B.Mask) (roundrect_rratio 0.25)
      (net 1 +5V))
    (pad 2 smd roundrect (at 0.9375 0 90) (size 0.975 1.4) (layers B.Cu B.Paste B.Mask) (roundrect_rratio 0.25)
      (net 2 GND))
    (model ${KISYS3DMOD}/Capacitor_SMD.3dshapes/C_0805_2012Metric.wrl
      (at (xyz 0 0 0))
      (scale (xyz 1 1 1))
      (rotate (xyz 0 0 0))
    )
  )

  (module Package_SO:SOIC-16_3.9x9.9mm_P1.27mm (layer F.Cu) (tedit 5C97300E) (tstamp 5D912174)
    (at 115.945 102.5 90)
    (descr "SOIC, 16 Pin (JEDEC MS-012AC, https://www.analog.com/media/en/package-pcb-resources/package/pkg_pdf/soic_narrow-r/r_16.pdf), generated with kicad-footprint-generator ipc_gullwing_generator.py")
    (tags "SOIC SO")
    (path /5FEE3121)
    (attr smd)
    (fp_text reference U3 (at 0 -5.9 90) (layer F.SilkS)
      (effects (font (size 1 1) (thickness 0.15)))
    )
    (fp_text value 74AHC595 (at 0 5.9 90) (layer F.Fab)
      (effects (font (size 1 1) (thickness 0.15)))
    )
    (fp_line (start 0 5.06) (end 1.95 5.06) (layer F.SilkS) (width 0.12))
    (fp_line (start 0 5.06) (end -1.95 5.06) (layer F.SilkS) (width 0.12))
    (fp_line (start 0 -5.06) (end 1.95 -5.06) (layer F.SilkS) (width 0.12))
    (fp_line (start 0 -5.06) (end -3.45 -5.06) (layer F.SilkS) (width 0.12))
    (fp_line (start -0.975 -4.95) (end 1.95 -4.95) (layer F.Fab) (width 0.1))
    (fp_line (start 1.95 -4.95) (end 1.95 4.95) (layer F.Fab) (width 0.1))
    (fp_line (start 1.95 4.95) (end -1.95 4.95) (layer F.Fab) (width 0.1))
    (fp_line (start -1.95 4.95) (end -1.95 -3.975) (layer F.Fab) (width 0.1))
    (fp_line (start -1.95 -3.975) (end -0.975 -4.95) (layer F.Fab) (width 0.1))
    (fp_line (start -3.7 -5.2) (end -3.7 5.2) (layer F.CrtYd) (width 0.05))
    (fp_line (start -3.7 5.2) (end 3.7 5.2) (layer F.CrtYd) (width 0.05))
    (fp_line (start 3.7 5.2) (end 3.7 -5.2) (layer F.CrtYd) (width 0.05))
    (fp_line (start 3.7 -5.2) (end -3.7 -5.2) (layer F.CrtYd) (width 0.05))
    (fp_text user %R (at 0 0 90) (layer F.Fab)
      (effects (font (size 0.98 0.98) (thickness 0.15)))
    )
    (pad 16 smd roundrect (at 2.475 -4.445 90) (size 1.95 0.6) (layers F.Cu F.Paste F.Mask) (roundrect_rratio 0.25)
      (net 3 +3V3))
    (pad 15 smd roundrect (at 2.475 -3.175 90) (size 1.95 0.6) (layers F.Cu F.Paste F.Mask) (roundrect_rratio 0.25)
      (net 30 /MEMADDRESS_8))
    (pad 14 smd roundrect (at 2.475 -1.905 90) (size 1.95 0.6) (layers F.Cu F.Paste F.Mask) (roundrect_rratio 0.25)
      (net 59 "Net-(U2-Pad9)"))
    (pad 13 smd roundrect (at 2.475 -0.635 90) (size 1.95 0.6) (layers F.Cu F.Paste F.Mask) (roundrect_rratio 0.25)
      (net 2 GND))
    (pad 12 smd roundrect (at 2.475 0.635 90) (size 1.95 0.6) (layers F.Cu F.Paste F.Mask) (roundrect_rratio 0.25)
      (net 6 /RCLK))
    (pad 11 smd roundrect (at 2.475 1.905 90) (size 1.95 0.6) (layers F.Cu F.Paste F.Mask) (roundrect_rratio 0.25)
      (net 5 /SRCLK))
    (pad 10 smd roundrect (at 2.475 3.175 90) (size 1.95 0.6) (layers F.Cu F.Paste F.Mask) (roundrect_rratio 0.25)
      (net 3 +3V3))
    (pad 9 smd roundrect (at 2.475 4.445 90) (size 1.95 0.6) (layers F.Cu F.Paste F.Mask) (roundrect_rratio 0.25)
      (net 16 "Net-(U3-Pad9)"))
    (pad 8 smd roundrect (at -2.475 4.445 90) (size 1.95 0.6) (layers F.Cu F.Paste F.Mask) (roundrect_rratio 0.25)
      (net 2 GND))
    (pad 7 smd roundrect (at -2.475 3.175 90) (size 1.95 0.6) (layers F.Cu F.Paste F.Mask) (roundrect_rratio 0.25)
      (net 38 /MEMADDRESS_15))
    (pad 6 smd roundrect (at -2.475 1.905 90) (size 1.95 0.6) (layers F.Cu F.Paste F.Mask) (roundrect_rratio 0.25)
      (net 36 /MEMADDRESS_14))
    (pad 5 smd roundrect (at -2.475 0.635 90) (size 1.95 0.6) (layers F.Cu F.Paste F.Mask) (roundrect_rratio 0.25)
      (net 37 /MEMADDRESS_13))
    (pad 4 smd roundrect (at -2.475 -0.635 90) (size 1.95 0.6) (layers F.Cu F.Paste F.Mask) (roundrect_rratio 0.25)
      (net 34 /MEMADDRESS_12))
    (pad 3 smd roundrect (at -2.475 -1.905 90) (size 1.95 0.6) (layers F.Cu F.Paste F.Mask) (roundrect_rratio 0.25)
      (net 35 /MEMADDRESS_11))
    (pad 2 smd roundrect (at -2.475 -3.175 90) (size 1.95 0.6) (layers F.Cu F.Paste F.Mask) (roundrect_rratio 0.25)
      (net 32 /MEMADDRESS_10))
    (pad 1 smd roundrect (at -2.475 -4.445 90) (size 1.95 0.6) (layers F.Cu F.Paste F.Mask) (roundrect_rratio 0.25)
      (net 33 /MEMADDRESS_9))
    (model ${KISYS3DMOD}/Package_SO.3dshapes/SOIC-16_3.9x9.9mm_P1.27mm.wrl
      (at (xyz 0 0 0))
      (scale (xyz 1 1 1))
      (rotate (xyz 0 0 0))
    )
  )

  (module Capacitor_SMD:C_0805_2012Metric (layer F.Cu) (tedit 5F68FEEE) (tstamp 5FBF21CE)
    (at 98.6 77.9 90)
    (descr "Capacitor SMD 0805 (2012 Metric), square (rectangular) end terminal, IPC_7351 nominal, (Body size source: IPC-SM-782 page 76, https://www.pcb-3d.com/wordpress/wp-content/uploads/ipc-sm-782a_amendment_1_and_2.pdf, https://docs.google.com/spreadsheets/d/1BsfQQcO9C6DZCsRaXUlFlo91Tg2WpOkGARC1WS5S8t0/edit?usp=sharing), generated with kicad-footprint-generator")
    (tags capacitor)
    (path /5FC3E1A9)
    (attr smd)
    (fp_text reference C5 (at 0 -1.68 90) (layer F.SilkS)
      (effects (font (size 1 1) (thickness 0.15)))
    )
    (fp_text value 100nF (at 0 1.68 90) (layer F.Fab)
      (effects (font (size 1 1) (thickness 0.15)))
    )
    (fp_line (start 1.7 0.98) (end -1.7 0.98) (layer F.CrtYd) (width 0.05))
    (fp_line (start 1.7 -0.98) (end 1.7 0.98) (layer F.CrtYd) (width 0.05))
    (fp_line (start -1.7 -0.98) (end 1.7 -0.98) (layer F.CrtYd) (width 0.05))
    (fp_line (start -1.7 0.98) (end -1.7 -0.98) (layer F.CrtYd) (width 0.05))
    (fp_line (start -0.261252 0.735) (end 0.261252 0.735) (layer F.SilkS) (width 0.12))
    (fp_line (start -0.261252 -0.735) (end 0.261252 -0.735) (layer F.SilkS) (width 0.12))
    (fp_line (start 1 0.625) (end -1 0.625) (layer F.Fab) (width 0.1))
    (fp_line (start 1 -0.625) (end 1 0.625) (layer F.Fab) (width 0.1))
    (fp_line (start -1 -0.625) (end 1 -0.625) (layer F.Fab) (width 0.1))
    (fp_line (start -1 0.625) (end -1 -0.625) (layer F.Fab) (width 0.1))
    (fp_text user %R (at 0 0 90) (layer F.Fab)
      (effects (font (size 0.5 0.5) (thickness 0.08)))
    )
    (pad 1 smd roundrect (at -0.95 0 90) (size 1 1.45) (layers F.Cu F.Paste F.Mask) (roundrect_rratio 0.25)
      (net 3 +3V3))
    (pad 2 smd roundrect (at 0.95 0 90) (size 1 1.45) (layers F.Cu F.Paste F.Mask) (roundrect_rratio 0.25)
      (net 2 GND))
    (model ${KISYS3DMOD}/Capacitor_SMD.3dshapes/C_0805_2012Metric.wrl
      (at (xyz 0 0 0))
      (scale (xyz 1 1 1))
      (rotate (xyz 0 0 0))
    )
  )

  (module Capacitor_SMD:C_0805_2012Metric (layer F.Cu) (tedit 5F68FEEE) (tstamp 5FBF21DE)
    (at 124.9 98.8 90)
    (descr "Capacitor SMD 0805 (2012 Metric), square (rectangular) end terminal, IPC_7351 nominal, (Body size source: IPC-SM-782 page 76, https://www.pcb-3d.com/wordpress/wp-content/uploads/ipc-sm-782a_amendment_1_and_2.pdf, https://docs.google.com/spreadsheets/d/1BsfQQcO9C6DZCsRaXUlFlo91Tg2WpOkGARC1WS5S8t0/edit?usp=sharing), generated with kicad-footprint-generator")
    (tags capacitor)
    (path /5D99A9FC)
    (attr smd)
    (fp_text reference C7 (at 0 -1.68 90) (layer F.SilkS)
      (effects (font (size 1 1) (thickness 0.15)))
    )
    (fp_text value 10nF (at 0 1.68 90) (layer F.Fab)
      (effects (font (size 1 1) (thickness 0.15)))
    )
    (fp_line (start -1 0.625) (end -1 -0.625) (layer F.Fab) (width 0.1))
    (fp_line (start -1 -0.625) (end 1 -0.625) (layer F.Fab) (width 0.1))
    (fp_line (start 1 -0.625) (end 1 0.625) (layer F.Fab) (width 0.1))
    (fp_line (start 1 0.625) (end -1 0.625) (layer F.Fab) (width 0.1))
    (fp_line (start -0.261252 -0.735) (end 0.261252 -0.735) (layer F.SilkS) (width 0.12))
    (fp_line (start -0.261252 0.735) (end 0.261252 0.735) (layer F.SilkS) (width 0.12))
    (fp_line (start -1.7 0.98) (end -1.7 -0.98) (layer F.CrtYd) (width 0.05))
    (fp_line (start -1.7 -0.98) (end 1.7 -0.98) (layer F.CrtYd) (width 0.05))
    (fp_line (start 1.7 -0.98) (end 1.7 0.98) (layer F.CrtYd) (width 0.05))
    (fp_line (start 1.7 0.98) (end -1.7 0.98) (layer F.CrtYd) (width 0.05))
    (fp_text user %R (at 0 0 90) (layer F.Fab)
      (effects (font (size 0.5 0.5) (thickness 0.08)))
    )
    (pad 2 smd roundrect (at 0.95 0 90) (size 1 1.45) (layers F.Cu F.Paste F.Mask) (roundrect_rratio 0.25)
      (net 2 GND))
    (pad 1 smd roundrect (at -0.95 0 90) (size 1 1.45) (layers F.Cu F.Paste F.Mask) (roundrect_rratio 0.25)
      (net 3 +3V3))
    (model ${KISYS3DMOD}/Capacitor_SMD.3dshapes/C_0805_2012Metric.wrl
      (at (xyz 0 0 0))
      (scale (xyz 1 1 1))
      (rotate (xyz 0 0 0))
    )
  )

  (module MountingHole:MountingHole_3mm (layer F.Cu) (tedit 56D1B4CB) (tstamp 5FBF278E)
    (at 79 65)
    (descr "Mounting Hole 3mm, no annular")
    (tags "mounting hole 3mm no annular")
    (path /5FFFAB7A)
    (attr virtual)
    (fp_text reference H1 (at 0 4.5) (layer F.SilkS)
      (effects (font (size 1 1) (thickness 0.15)))
    )
    (fp_text value MountingHole_3mm (at 0 4) (layer F.Fab)
      (effects (font (size 1 1) (thickness 0.15)))
    )
    (fp_circle (center 0 0) (end 3 0) (layer Cmts.User) (width 0.15))
    (fp_circle (center 0 0) (end 3.25 0) (layer F.CrtYd) (width 0.05))
    (fp_text user %R (at 0.3 0) (layer F.Fab)
      (effects (font (size 1 1) (thickness 0.15)))
    )
    (pad 1 np_thru_hole circle (at 0 0) (size 3 3) (drill 3) (layers *.Cu *.Mask))
  )

  (module MountingHole:MountingHole_3mm (layer F.Cu) (tedit 56D1B4CB) (tstamp 5FBFB54F)
    (at 170.5 65)
    (descr "Mounting Hole 3mm, no annular")
    (tags "mounting hole 3mm no annular")
    (path /5FFFBDF5)
    (attr virtual)
    (fp_text reference H2 (at 0 4.5) (layer F.SilkS)
      (effects (font (size 1 1) (thickness 0.15)))
    )
    (fp_text value MountingHole_3mm (at 0 4) (layer F.Fab)
      (effects (font (size 1 1) (thickness 0.15)))
    )
    (fp_circle (center 0 0) (end 3 0) (layer Cmts.User) (width 0.15))
    (fp_circle (center 0 0) (end 3.25 0) (layer F.CrtYd) (width 0.05))
    (fp_text user %R (at 0.3 0) (layer F.Fab)
      (effects (font (size 1 1) (thickness 0.15)))
    )
    (pad 1 np_thru_hole circle (at 0 0) (size 3 3) (drill 3) (layers *.Cu *.Mask))
  )

  (module MountingHole:MountingHole_3mm (layer F.Cu) (tedit 56D1B4CB) (tstamp 5FBF2205)
    (at 79 110.5)
    (descr "Mounting Hole 3mm, no annular")
    (tags "mounting hole 3mm no annular")
    (path /5FFFB865)
    (attr virtual)
    (fp_text reference H3 (at 0 -4) (layer F.SilkS)
      (effects (font (size 1 1) (thickness 0.15)))
    )
    (fp_text value MountingHole_3mm (at 0 4) (layer F.Fab)
      (effects (font (size 1 1) (thickness 0.15)))
    )
    (fp_circle (center 0 0) (end 3.25 0) (layer F.CrtYd) (width 0.05))
    (fp_circle (center 0 0) (end 3 0) (layer Cmts.User) (width 0.15))
    (fp_text user %R (at 0.3 0) (layer F.Fab)
      (effects (font (size 1 1) (thickness 0.15)))
    )
    (pad 1 np_thru_hole circle (at 0 0) (size 3 3) (drill 3) (layers *.Cu *.Mask))
  )

  (module MountingHole:MountingHole_3mm (layer F.Cu) (tedit 56D1B4CB) (tstamp 5FBF220D)
    (at 170.5 110.5)
    (descr "Mounting Hole 3mm, no annular")
    (tags "mounting hole 3mm no annular")
    (path /5FFFC742)
    (attr virtual)
    (fp_text reference H4 (at 0 -4) (layer F.SilkS)
      (effects (font (size 1 1) (thickness 0.15)))
    )
    (fp_text value MountingHole_3mm (at 0 4) (layer F.Fab)
      (effects (font (size 1 1) (thickness 0.15)))
    )
    (fp_circle (center 0 0) (end 3.25 0) (layer F.CrtYd) (width 0.05))
    (fp_circle (center 0 0) (end 3 0) (layer Cmts.User) (width 0.15))
    (fp_text user %R (at 0.3 0) (layer F.Fab)
      (effects (font (size 1 1) (thickness 0.15)))
    )
    (pad 1 np_thru_hole circle (at 0 0) (size 3 3) (drill 3) (layers *.Cu *.Mask))
  )

  (module Connector_USB:USB_B_OST_USB-B1HSxx_Horizontal (layer F.Cu) (tedit 5AFE01FF) (tstamp 5FBF220E)
    (at 86.5 81 180)
    (descr "USB B receptacle, Horizontal, through-hole, http://www.on-shore.com/wp-content/uploads/2015/09/usb-b1hsxx.pdf")
    (tags "USB-B receptacle horizontal through-hole")
    (path /5FD342ED)
    (fp_text reference J1 (at -3 -5) (layer F.SilkS)
      (effects (font (size 1 1) (thickness 0.15)))
    )
    (fp_text value USB_B (at 6.76 10.27) (layer F.Fab)
      (effects (font (size 1 1) (thickness 0.15)))
    )
    (fp_line (start 15.51 -7.02) (end -1.99 -7.02) (layer F.CrtYd) (width 0.05))
    (fp_line (start 15.51 9.52) (end 15.51 -7.02) (layer F.CrtYd) (width 0.05))
    (fp_line (start -1.99 9.52) (end 15.51 9.52) (layer F.CrtYd) (width 0.05))
    (fp_line (start -1.99 -7.02) (end -1.99 9.52) (layer F.CrtYd) (width 0.05))
    (fp_line (start -2.32 0.5) (end -1.82 0) (layer F.SilkS) (width 0.12))
    (fp_line (start -2.32 -0.5) (end -2.32 0.5) (layer F.SilkS) (width 0.12))
    (fp_line (start -1.82 0) (end -2.32 -0.5) (layer F.SilkS) (width 0.12))
    (fp_line (start 15.12 7.41) (end 6.76 7.41) (layer F.SilkS) (width 0.12))
    (fp_line (start 15.12 -4.91) (end 15.12 7.41) (layer F.SilkS) (width 0.12))
    (fp_line (start 6.76 -4.91) (end 15.12 -4.91) (layer F.SilkS) (width 0.12))
